>>> bank mean: 7.21701020124
wine mean: 258.405480671
iris mean: 1.92635344641
seed mean: 3.26882685021
wilt mean: 145.130030837
white mean: 38.9553572642
red mean: 27.8140484351
breast mean: 8364.96668388
ecoli mean: 0.39060953685
haber mean: 11.6287112031
bank sd 0.00392138109958
wine sd 2.77537015752
iris sd 0.0153574631449
seed sd 0.0176867821991
wilt sd 0.0281191911404
white sd 0.0171517529658
red sd 0.0322407833244
breast sd 754.757118873
ecoli sd 0.00271624634197
haber sd 0.0211021115885
>>> bank_sims
array([ 7.21645403,  7.21500989,  7.22063169,  7.21708745,  7.21250639,
        7.21825943,  7.20671307,  7.21944797,  7.22009911,  7.21998772,
        7.22030089,  7.21114564,  7.21955836,  7.21633829,  7.22199706,
        7.22003037,  7.21896991,  7.21637723,  7.21834715,  7.22359598,
        7.21240229,  7.21728205,  7.21184625,  7.22385059,  7.21431871,
        7.20982538,  7.21667406,  7.21778424,  7.21762852,  7.21583633])
>>> wine_sims
array([ 260.34847547,  258.14094001,  259.47168548,  257.36395005,
        261.15708173,  255.48400899,  260.93451347,  257.22921526,
        260.72781534,  249.85206538,  261.17715073,  259.17232226,
        259.17417338,  256.47099876,  259.42835783,  257.25383989,
        256.19866595,  253.98013407,  254.10190559,  257.84966793,
        259.90720453,  260.15400257,  261.70557845,  259.97934884,
        259.7953221 ,  260.75244245,  258.43225952,  259.77971375,
        262.31819472,  253.82338564])
>>> iris_sims
array([ 1.92706967,  1.94171799,  1.95068626,  1.92522099,  1.89585597,
        1.94167731,  1.92996828,  1.94047579,  1.89543745,  1.91085588,
        1.91950868,  1.8964857 ,  1.91943877,  1.9386505 ,  1.92556162,
        1.92517109,  1.93307314,  1.94573157,  1.92108448,  1.94202554,
        1.94235517,  1.93970826,  1.92336178,  1.90698572,  1.93323032,
        1.90152538,  1.91738911,  1.9301798 ,  1.94245038,  1.92772078])
>>> seed_sims
array([ 3.25385546,  3.28783012,  3.2833314 ,  3.25728653,  3.27993312,
        3.25040346,  3.27036192,  3.28331329,  3.24751444,  3.27023919,
        3.27466698,  3.26580604,  3.27187321,  3.24622848,  3.25153812,
        3.296457  ,  3.28858119,  3.24264226,  3.28729563,  3.26514295,
        3.27535993,  3.28154859,  3.22033795,  3.27532654,  3.28596486,
        3.27589632,  3.24995794,  3.29476526,  3.27746839,  3.25387894])
>>> wilt_sims
array([ 145.14427498,  145.16254364,  145.14775187,  145.1333088 ,
        145.12454357,  145.11890019,  145.12393649,  145.12319734,
        145.09011975,  145.11628222,  145.12919394,  145.13028371,
        145.13127417,  145.15213872,  145.14211725,  145.1336393 ,
        145.11166303,  145.16115576,  145.15010514,  145.03967382,
        145.09888724,  145.10838387,  145.15446165,  145.14233656,
        145.17872809,  145.14815595,  145.13851948,  145.13833526,
        145.15833192,  145.06868142])
>>> white_sims
array([ 38.96134585,  38.93328973,  38.93830878,  38.96765439,
        38.98711342,  38.95330505,  38.96138608,  38.9562487 ,
        38.91695686,  38.96574909,  38.96189865,  38.94007017,
        38.97522671,  38.94436827,  38.92852101,  38.95475883,
        38.9213843 ,  38.94116852,  38.98148939,  38.94868681,
        38.94892431,  38.95760614,  38.95927427,  38.9646715 ,
        38.95923308,  38.97355605,  38.98183166,  38.967893  ,
        38.96619493,  38.94260238])
>>> red_sims
array([ 27.83588936,  27.84400722,  27.77057952,  27.77675158,
        27.81759964,  27.84055654,  27.84297171,  27.84221629,
        27.81227899,  27.81789497,  27.87844298,  27.79096394,
        27.81304615,  27.80439302,  27.81328683,  27.787069  ,
        27.82108817,  27.83410995,  27.86228004,  27.81897389,
        27.76938341,  27.79433472,  27.81322574,  27.83643965,
        27.74202248,  27.78805841,  27.74993058,  27.86620809,
        27.80785001,  27.82960016])
>>> breast_sims
array([  8394.16740901,   7896.75769245,   8336.65493762,   7815.74169435,
         8632.65024313,   8040.96965949,   7742.23571297,   8912.61550825,
         7584.26946371,   8600.14882495,   7982.91322861,   8755.35422884,
         8042.967054  ,   8688.38222933,   8719.23411803,   8845.23184015,
         8146.38790236,   8758.45136109,   9028.50893838,   7676.98416464,
         8435.01305249,   7709.45764185,   8306.69484985,   7808.72909363,
         9485.00310321,   7699.99829845,  11264.59540913,   8479.44534053,
         6886.60142492,   8272.83609105])
>>> ecoli_sims
array([ 0.39196929,  0.38864838,  0.3867716 ,  0.38912309,  0.39334168,
        0.39379157,  0.38914386,  0.39236629,  0.39162633,  0.39051249,
        0.38599402,  0.39207052,  0.39389127,  0.38938476,  0.38396246,
        0.39185168,  0.39193322,  0.39278813,  0.39120877,  0.39455186,
        0.39362693,  0.39065981,  0.38761371,  0.39034623,  0.38876092,
        0.39079819,  0.38456556,  0.39166435,  0.39395425,  0.39136489])
>>> haber_sims
array([ 11.64034508,  11.61944626,  11.63793959,  11.63310268,
        11.625265  ,  11.6316659 ,  11.63929385,  11.63492448,
        11.61941297,  11.6345164 ,  11.62569829,  11.64653398,
        11.65055216,  11.63949931,  11.62470702,  11.64386378,
        11.63342142,  11.63897151,  11.63583053,  11.6045591 ,
        11.63833893,  11.63888129,  11.58854536,  11.57290801,
        11.66659069,  11.64379651,  11.62628344,  11.56385709,
        11.62994756,  11.63263787])
>>> 
