>>> bank mean: 5.31958738252
wine mean: 98.682723955
iris mean: 0.652562775019
seed mean: 1.49743077423
wilt mean: 97.2831743893
white mean: 15.0354430464
red mean: 10.203785547
breast mean: 1638.25235132
ecoli mean: 0.198802988022
haber mean: 8.6092758604
bank sd 0.00392903266004
wine sd 2.43146601255
iris sd 0.0171182704551
seed sd 0.00284898675545
wilt sd 0.00509770543645
white sd 0.275493821695
red sd 0.369430270905
breast sd 7.57287901679
ecoli sd 0.00732872998263
haber sd 0.475422880273
>>> bank_sims
array([ 5.3172044 ,  5.31759762,  5.31759762,  5.31759762,  5.31759762,
        5.33625286,  5.31803066,  5.31759762,  5.32201371,  5.31759762,
        5.31803066,  5.32712903,  5.31733723,  5.32328813,  5.31759762,
        5.31759762,  5.32104071,  5.31759762,  5.31759762,  5.31803066,
        5.31803066,  5.31759762,  5.31759762,  5.31759762,  5.32201371,
        5.32201371,  5.32201371,  5.3172044 ,  5.3172044 ,  5.32201371])
>>> wine_sims
array([  97.87227576,  105.92241912,   97.87227576,   97.87227576,
         97.87227576,   97.87227576,   97.87227576,   97.87227576,
         97.87227576,   97.87227576,   97.87227576,   97.87227576,
         97.87227576,   97.87227576,   97.87227576,   97.87227576,
         97.87227576,   97.87227576,  105.92241912,   97.87227576,
        106.08543478,   97.87227576,   97.87227576,   97.87227576,
         97.87227576,   97.87227576,   97.87227576,   97.87227576,
         97.87227576,   97.87227576])
>>> iris_sims
array([ 0.64737439,  0.64902887,  0.64902887,  0.64737439,  0.64902887,
        0.64234497,  0.64902887,  0.64737439,  0.64902887,  0.64902887,
        0.64902887,  0.63560063,  0.64737439,  0.64902887,  0.70935218,
        0.64737439,  0.64902887,  0.64234497,  0.69593335,  0.70204414,
        0.64902887,  0.64941914,  0.65124771,  0.64737439,  0.64902887,
        0.64902887,  0.64902887,  0.64234497,  0.63560063,  0.64902887])
>>> seed_sims
array([ 1.49698361,  1.49831378,  1.49698361,  1.49698361,  1.50224888,
        1.49633031,  1.49633031,  1.49633031,  1.49698361,  1.49633031,
        1.49698361,  1.49633031,  1.49633031,  1.49633031,  1.49698361,
        1.49698361,  1.49698361,  1.49698361,  1.49698361,  1.49698361,
        1.49633031,  1.49698361,  1.49633031,  1.49698361,  1.49698361,
        1.49633031,  1.49633031,  1.49633031,  1.49698361,  1.51164262])
>>> wilt_sims
array([ 97.28735158,  97.28735158,  97.28364939,  97.28735158,
        97.28735158,  97.28364939,  97.28735158,  97.28735158,
        97.26970334,  97.28364939,  97.28364939,  97.27922619,
        97.28735158,  97.26984988,  97.28735158,  97.28735158,
        97.27711465,  97.29108262,  97.28735158,  97.28364939,
        97.28244024,  97.27711465,  97.27922619,  97.28364939,
        97.28151116,  97.28622945,  97.28735158,  97.28034382,
        97.27711465,  97.28151116])
>>> white_sims
array([ 15.19703037,  14.67382206,  15.84378907,  14.97365643,
        15.15306384,  14.81318647,  15.01805125,  14.95028051,
        14.80951083,  15.19458893,  15.06213846,  14.25638178,
        14.82106138,  14.93560583,  15.25899291,  15.36443937,
        15.18845215,  14.97320521,  14.86491895,  14.92457823,
        15.55739935,  15.26927036,  14.90065968,  14.83076601,
        15.08220939,  15.16930478,  15.03421952,  14.93703664,
        14.94765851,  15.05801311])
>>> red_sims
array([  9.92090441,  10.48522204,  10.58936809,   9.74288855,
        10.28547343,  10.17878829,   9.84097812,  10.35425825,
        10.35294053,   9.82377821,  10.72327098,  10.80441505,
         9.87203561,  10.49225682,  11.05878517,   9.9228395 ,
        10.18383675,  10.56191119,  10.12187131,  10.438922  ,
        10.11452608,   9.26757727,  10.08922626,   9.6438357 ,
        10.0012386 ,  10.48854381,  10.16441783,  10.37889557,
         9.9702659 ,  10.24029508])
>>> breast_sims
array([ 1636.60077204,  1642.90846434,  1639.68450476,  1642.90846434,
        1644.11439379,  1648.71597125,  1648.71597125,  1648.71597125,
        1625.10686119,  1633.22679238,  1626.38123712,  1633.22679238,
        1639.68450476,  1626.38123712,  1642.90846434,  1643.52882155,
        1626.38123712,  1648.71597125,  1626.38123712,  1640.59180993,
        1643.52882155,  1642.90846434,  1633.22679238,  1626.38123712,
        1639.10983424,  1643.52882155,  1644.02468287,  1633.22679238,
        1633.22679238,  1643.52882155])
>>> ecoli_sims
array([ 0.17958342,  0.20685125,  0.20260578,  0.19678598,  0.19100268,
        0.19574025,  0.21212574,  0.1966752 ,  0.18372567,  0.19724087,
        0.19621211,  0.19864429,  0.20099224,  0.19756674,  0.20553935,
        0.19557975,  0.19534184,  0.20671712,  0.19310061,  0.19887399,
        0.20612866,  0.19514302,  0.2024102 ,  0.20813835,  0.18773262,
        0.19724606,  0.20305412,  0.21235363,  0.19976115,  0.20121696])
>>> haber_sims
array([  8.52965544,   8.51299133,   8.52965544,   8.51299133,
         8.52688951,   8.53141099,   8.51299133,   8.51299133,
         8.51299133,   8.52965544,   8.51299133,   8.52688951,
        11.16917158,   8.52688951,   8.51299133,   8.51299133,
         8.52688951,   8.52965544,   8.51299133,   8.52965544,
         8.52688951,   8.51299133,   8.51299133,   8.52688951,
         8.51299133,   8.51299133,   8.52965544,   8.51299133,
         8.52688951,   8.52965544])
>>> 

