>>> bank mean: 70.0773692849
wine mean: 20441.7240524
iris mean: 2.29866922482
seed mean: 8.10244367518
wilt mean: 103838.658759
white mean: 3272.352789
red mean: 567.237927216
breast mean: 40625918.8783
ecoli mean: 0.205608334422
haber mean: 261.332673269
bank sd: 13.7417814305
wine sd: 3624.53657411
iris sd: 0.553236463191
seed sd: 1.60556191251
wilt sd: 37886.7725937
white sd: 714.968095044
red sd: 150.978831904
breast sd: 21276804.1237
ecoli sd: 0.0364317927333
haber sd: 59.8266898856
>>> bank_sims
array([ 53.16880184,  66.35575388,  73.20032637,  62.17880815,
        80.36377025,  67.6890717 ,  39.91242357,  93.0031924 ,
        80.32534009,  70.43833215,  59.84499206,  71.54708395,
        84.11875565,  55.42799157,  77.66265816,  64.27820576,
        90.9114233 ,  54.43146807,  51.57310261,  96.79001686,
        83.04918379,  54.47856825,  69.39811175,  69.03193616,
        80.67336192,  82.70184161,  56.76901291,  77.07358415,
        81.68420352,  54.23975609])
>>> wine_sims
array([ 19756.51143271,  21519.02124289,  28175.66293768,  20021.65579582,
        16905.87908707,  21770.78906368,  16041.21756181,  23064.91824984,
        15379.05698152,  18014.92122552,  20673.43580456,  17895.25650056,
        20514.14252235,  18282.54091276,  17969.68544552,  19618.37844482,
        19074.22032055,  19315.32120463,  22176.39402278,  16567.75861066,
        16903.00838215,  19741.98840014,  17369.32871001,  27873.77143621,
        24749.04073709,  20339.4263202 ,  23075.0003626 ,  20664.79512786,
        18640.73688706,  31157.85784095])
>>> iris_sims
array([ 3.27312376,  2.17614853,  2.23894472,  2.65708099,  3.17063006,
        3.23929122,  2.07543801,  1.28583979,  2.34780289,  1.78627846,
        1.90807109,  3.16094291,  1.84045405,  2.04418119,  2.12812251,
        2.45750396,  2.70872375,  1.85185501,  1.90233392,  0.93493891,
        2.59145197,  2.25590562,  2.85214149,  1.80048417,  2.18484674,
        2.10573516,  3.0653439 ,  2.07669654,  2.16359206,  2.67617335])
>>> seed_sims
array([  7.47577329,   9.69211626,   6.62535606,   7.34012769,
         6.54705502,  10.76720556,   6.81198379,   7.98097179,
         6.71042369,   5.2794751 ,   7.68885987,   7.92919197,
         7.70987849,   7.0864127 ,   8.25929982,   7.28306939,
         9.84011828,   6.77877377,   9.21073565,   5.99976031,
        10.74945649,   6.47615914,   8.9159658 ,   7.25743648,
         7.89240281,   6.73794224,   9.78313479,  11.07456569,
        11.3346233 ,   9.83503501])
>>> wilt_sims
array([ 101553.73907383,  167498.73676253,   79973.71780159,
        164825.83910564,   81245.02528189,   80714.67677408,
         78580.04325304,  157998.74319051,   74321.61476536,
         93351.81705886,   93129.6708095 ,   94941.29568722,
         64891.38035555,   39701.35307951,   98542.42587399,
        164493.75504517,   39202.98543614,  122154.91048659,
        138061.03484044,  161429.72896952,   93022.00502396,
        129958.19971992,  110012.48238458,  152012.06889181,
         60698.0172777 ,  157541.26722338,   87443.71437377,
         76759.49431189,   81852.2716167 ,   69247.74829484])
>>> white_sims
array([ 2335.50394068,  4270.13087636,  4074.38763249,  3141.69624276,
        3746.35842561,  2147.86712571,  3976.66340221,  2604.07123197,
        3838.40374019,  2552.88563676,  4228.25473569,  3121.16713785,
        2439.530545  ,  3936.16511845,  3596.88030748,  2223.37907172,
        2197.1862521 ,  2768.18828513,  3498.57823828,  4140.56812372,
        3803.18243127,  3225.96605909,  2993.65430071,  3812.84622283,
        2380.96035157,  3298.24142384,  3736.66677053,  3643.49338522,
        4275.32337615,  2162.38327863])
>>> red_sims
array([ 564.52861993,  460.25715959,  386.38266898,  792.73434351,
        574.31521136,  733.79380097,  280.91943662,  789.91793798,
        599.27070907,  334.75357089,  614.90998335,  727.57708447,
        649.6708953 ,  646.13940443,  551.1284958 ,  460.51298209,
        613.69034726,  498.44986304,  974.86874533,  589.34052507,
        593.14853596,  451.35771201,  740.09298679,  663.72403553,
        533.07722908,  524.88035156,  448.34374172,  409.95178803,
        415.75022549,  393.64942525])
>>> breast_sims
array([ 26321482.94939678,  14674114.54888391,  14058042.55034017,
        61678921.31799082,  83792596.71501355,  26006615.25815915,
        73914611.37374522,  57415638.46587977,  44230340.28434204,
        44919334.76032598,  43735834.26315758,  44985441.49504175,
        42155992.4682764 ,  13765951.05359489,  26138704.31672412,
        26134546.25783925,  54992719.20739634,  41216609.9798458 ,
        23652995.20807093,  25492232.31745475,  17828528.46424065,
        43919301.58287743,  15087362.12783033,  32291987.37158878,
        48401818.79994729,  20106118.21842459,  27878991.79890753,
        79639834.36393125,  52796938.29871579,  91543960.53011669])
>>> ecoli_sims
array([ 0.21724905,  0.24554037,  0.19022072,  0.17480008,  0.25443891,
        0.2351206 ,  0.243981  ,  0.20205365,  0.20740549,  0.2360343 ,
        0.23090231,  0.17105862,  0.21939002,  0.20523183,  0.24681037,
        0.17605931,  0.1406595 ,  0.21687297,  0.24098513,  0.23628159,
        0.21900285,  0.20457993,  0.10728144,  0.19039978,  0.22918113,
        0.22869626,  0.18101776,  0.1236283 ,  0.22358582,  0.16978094])
>>> haber_sims
array([ 263.28394763,  355.92933961,  283.15066147,  265.03474669,
        227.69554906,  211.4264093 ,  292.47619041,  388.19881261,
        312.29268282,  283.87733913,  375.40300013,  260.44972979,
        321.8870743 ,  203.56594075,  307.63986002,  253.73673172,
        272.6941339 ,  235.64332571,  182.79105603,  208.23534655,
        298.58049553,  251.90972792,  233.00476272,  157.41066066,
        234.16564339,  238.94016916,  132.73707884,  344.78757927,
        197.46741036,  245.56479257])
>>> 
